.Random.seed <-
c(403L, 371L, 1181208140L, -1426975692L, -2042852286L, -1075050485L, 
-616838924L, -431594389L, 304403274L, -957730480L, -2119860803L, 
-398930039L, 1580396670L, -997344537L, 1559226516L, -823043977L, 
1048251226L, 1916845984L, 1192123021L, -1127878612L, -2087358145L, 
-48930921L, -195866320L, 150668957L, 1922199074L, 1243763203L, 
-2118340861L, -1963110906L, 783365422L, -1788461225L, -773543535L, 
-1128981151L, 468364141L, 1803662253L, 1321856749L, -1314942990L, 
-1609979601L, 306425147L, 1348117973L, -1338522425L, 531600334L, 
-1775106431L, -1019815852L, -826540822L, -681391843L, 1645549947L, 
-1713970110L, 1731309787L, 897262601L, 1555231864L, -1463912278L, 
-756791160L, -870185472L, 381726002L, -1373875797L, -1440687308L, 
254423575L, 582150539L, -1151554792L, -163261963L, -250784211L, 
669702536L, -1205684410L, -1894737617L, 82189935L, 1991345491L, 
-707359879L, -905487457L, 1905603276L, 60009511L, 1369201918L, 
2080363571L, 2105832558L, -631208592L, 251871068L, -398146483L, 
-1070428139L, 106237172L, -648499871L, -1296815920L, 450324213L, 
-1673599282L, 575690553L, -2007906292L, -60573295L, -57493545L, 
656781747L, -1875610929L, 1694855694L, 1170691779L, -1452303012L, 
67396025L, -260321880L, -1239192275L, 286986732L, -24072490L, 
604823016L, -1834087790L, 473726561L, 494940026L, -1809009085L, 
-434714745L, -1451753161L, 673434945L, 2031420286L, -1945736804L, 
1744423372L, 1736835505L, 151699397L, -1945447643L, 1639867497L, 
-2104977894L, 1173016823L, -1441763972L, -1702682156L, -899895069L, 
-93013110L, 1087287986L, -1939702947L, 1987070898L, -1015965996L, 
-700657442L, 469857715L, -1863514077L, -304854622L, 253686946L, 
217819347L, 1786675908L, 1878217959L, -570694484L, 1987717785L, 
927966809L, 879260252L, -538712219L, 1520725095L, -193145136L, 
-591478906L, -1254727308L, 249326047L, 818129474L, -2034239561L, 
918975172L, 245087886L, -1872188615L, 1850278557L, 199668612L, 
476911633L, -665309270L, -833689377L, -1283875758L, 1402183765L, 
-958176533L, 1127576100L, -1679599566L, -1359414029L, -1900540969L, 
-2112292791L, -1765389504L, 2136767595L, -1252135819L, -939411960L, 
-1679273684L, 246513807L, 2057205725L, 89901279L, 226084022L, 
1354203907L, -1149134882L, 1605962431L, -1403926982L, 2009228453L, 
-2055840318L, 1058411810L, 994324931L, 1597455046L, 1222151664L, 
238263053L, 557052454L, -754826817L, 1731298264L, -695086558L, 
685031041L, 571391440L, 46208934L, 2071431881L, 1741374964L, 
-268566571L, -199513030L, -2133918871L, 1134980701L, -920978882L, 
243320861L, 1028865111L, -1825642866L, 434271046L, 367697631L, 
-107020840L, -1705731013L, -1071916759L, 1526455692L, 145114365L, 
831631196L, 1480315507L, -2091130268L, -1394795417L, -294299637L, 
1294990190L, 1184371516L, 704935033L, 603960765L, 1760056684L, 
-1276059739L, -1501448400L, 2090856391L, -1111163652L, -10792710L, 
-739657466L, 1173562166L, -540209878L, -1142388796L, -776034330L, 
-1427136894L, 252729963L, -1996347022L, -662082322L, 245674797L, 
181608963L, 1001687748L, -967301484L, -426681053L, -2085231149L, 
742520545L, 1430269371L, 1320119725L, -710278975L, 1023613234L, 
1599127840L, -1895326111L, 947905016L, 1285505685L, 580931584L, 
-201968738L, -2039707206L, -162609252L, -1228467503L, 1387832664L, 
-107964011L, -2058096548L, -1341139193L, -60493001L, 182372314L, 
1370469727L, -1010137055L, -481948162L, 1011939372L, 776007343L, 
1818389537L, 1094762468L, -640069629L, 56629867L, -1459504932L, 
-415527896L, -1693232220L, 1905588023L, 287626397L, -1156834247L, 
-706854584L, 1034913036L, 1087677531L, -1011599433L, 1912226616L, 
-555837288L, -283007206L, 1128058449L, 255110787L, -386794392L, 
1046756304L, -1242625661L, 938062236L, 1667413616L, 1598392371L, 
-1547601286L, -502737102L, 1967731595L, 514941545L, 1864667034L, 
-956179072L, -503334315L, 256655404L, -1202845293L, -1731671721L, 
-39993736L, 1327567833L, -276419786L, 525374931L, 1616876662L, 
-236218044L, 347412853L, -12171432L, -1293978901L, -131475405L, 
165793518L, -1468227223L, 601731381L, -1273857542L, 1780830355L, 
1034858297L, 393317701L, -695064779L, 879091247L, -1515046630L, 
-1233942413L, -1218510952L, -1626795032L, -2145398678L, 2070937280L, 
-116065687L, 88159885L, -372121516L, -307187575L, -545588988L, 
2089818586L, 1492632409L, -452243684L, 827880366L, 1954546124L, 
-1331464207L, -1535080404L, 318873427L, -941971661L, 374912073L, 
-1916806849L, 487607539L, 1348223615L, -2095120213L, -457636186L, 
1473647851L, -438179463L, 371657851L, 1628178068L, 1480663683L, 
-1881697601L, -661946080L, -1165945992L, 1708822079L, -747106735L, 
-1577043771L, -975969503L, 800238355L, -2101121356L, 398681697L, 
244111932L, 280850244L, -497756068L, -1601158383L, -857355299L, 
1074876177L, 1545556569L, -1047056210L, 1911448903L, 1941856240L, 
-1758892405L, -525709317L, -279649688L, 946060135L, 406917565L, 
-231729794L, -879604555L, -1349880672L, -1803508748L, -650095622L, 
-1787371253L, 318885983L, 1798605294L, -536115872L, -1801783801L, 
-1708308236L, 499826064L, -947454898L, 982529873L, -1210326518L, 
-1161751868L, 60001132L, 749214482L, -1297031964L, -1404537516L, 
-964098343L, -1553332563L, 2145303109L, 411935525L, 1997854400L, 
-878548454L, 310126764L, 2071249129L, -2094807511L, -947986529L, 
-1601352024L, -650350945L, 254266298L, 399709567L, 672637392L, 
-115766402L, -1152666185L, -13030394L, 143696099L, -484180534L, 
585384896L, 1091436130L, -1058079090L, -245123713L, -1734369196L, 
1670120089L, -72694662L, 290887548L, 1720295655L, 1313334140L, 
-806426808L, -1383634741L, -1440971220L, 841078917L, 578468173L, 
-1716047327L, 964562400L, 1364305856L, -12103912L, 516182772L, 
-760454736L, 259095831L, -2116639495L, 1711616721L, -441219447L, 
-1500859990L, 1500716742L, 444166037L, 816996021L, 827553145L, 
-249023117L, 951895392L, -1062653899L, 952888864L, -817336552L, 
-1460783151L, -1037588318L, -520604683L, 64555790L, 1180003723L, 
1172208969L, 1705825962L, -918010738L, 235405397L, -1564421411L, 
-1197290155L, 1253547165L, 1236647684L, -2095983807L, -2031091280L, 
-1197347203L, 73956926L, -897004790L, 1321243909L, 1241052501L, 
-520397529L, -991678271L, -46011259L, -176357418L, 525531781L, 
268772044L, 1787496946L, -2017471834L, 812967706L, 135634445L, 
-1123129634L, 1408306846L, 2041131812L, -664250100L, 851233301L, 
-577588592L, 1886578897L, -118654245L, -111186048L, 595573629L, 
-113196900L, -1690848462L, 1383407126L, 229053816L, 1515416668L, 
-2145008373L, -1613158148L, 64987643L, -770892463L, -1088643882L, 
1347364748L, 893956980L, -956135430L, 518320262L, 177621159L, 
1758837259L, -1516442334L, 100089893L, 205195677L, 1077229709L, 
-404688274L, 164283744L, 1364930472L, -45425360L, 1266297705L, 
1158106702L, -1168246501L, -1418541758L, 1261388483L, 177397748L, 
743312579L, -1234209225L, -1357903824L, -1594452498L, 1865331211L, 
1982422061L, -1339480969L, -1176053610L, 656491125L, -1373078390L, 
728060709L, -604131755L, 848268009L, -732111794L, 749881362L, 
-988910930L, -76725564L, -451594415L, 815728205L, 1059732852L, 
-1093851635L, -1183309893L, -1806970565L, -785580099L, 1732975196L, 
-413670468L, 2119528156L, 1915781357L, -1862448134L, -1859918141L, 
304653336L, -1109371161L, -1211210441L, 2104723299L, 20526967L, 
-1454316720L, -1460450423L, -1693230657L, -515789052L, 422225627L, 
476466387L, -1080426116L, 1854107177L, -1291934501L, -657608225L, 
-601376906L, -96327883L, 2075746241L, 1636653844L, -1021037181L, 
-548589073L, -682899789L, -496825442L, 1772426437L, -1250232470L, 
1043866275L, 692344488L, 719647644L, -1544147362L, -171933739L, 
1990734628L, -553770965L, -1199541095L, -2024038675L, -1463058796L, 
1579524540L, 1687415776L, -1716484806L, 1224409717L, 268427053L, 
-2033126503L, -701784853L, -1862515938L, -532242950L, -286412927L, 
966101529L, -1096492252L, 1627199118L, -1748825127L, 2111605231L, 
-86407120L, 1743407358L, 87566022L, 1376079108L, -1372031570L, 
1998865719L, -1886102772L, 567101945L, 448542848L, -1181008307L, 
